6836989195832370764
18426666987975380563
5811117066046610076
15924001082570207425
6053832581494986661
14592999093377261914
7950936603302653823
10125117052778937824
8374908807980364953
3197289386911825413
11729763736616101513
16957320563901557616
14773808632110129629
10649904086600402787
12968353335907787701
3602055813024597451
18058411093424156132
4796379984297964945
17801914132659823854
10268248708742772194
16104505659734791411
1058070920681324374
7341989449497881528
4398050252246695846
3986798135831623976
5268228151195557140
16897727911139544838
16936906649995387448
13146348340426505827
15809979077819859422
16494765829424960947
12344496405738926425
6234705387264241300
12323562131626074908
2858878444395001267
15011714557406306741
524633484704007951
18332108940934292669
7282978748428625059
5459018159061483018
14053556518225903526
1980775409125555052
6934257224565559439
12265164020465716842
11516407464118137223
288110399491565989
8591378737086097355
4461592098731957713
4686340514172392319
15166862098482247532
15498085675280810132
17918431418972495408
9417989263957614703
13005793412160921190
16319187116385257257
6081069052674561574
4158558050468153296
2218930678252996616
14583747050761539676
11639193187348025266
17078075133382092883
8161846095582046698
17011504097633565917
11056079938753028579
9393320569802003900
10585187839470725835
9005907200000608422
13421550522044694127
10828846398109325155
16248095453678201082
9178723932917329571
254910366764662589
13463528128049427238
12250010918706536180
12608643111903130276
4786458866036844879
13145276981264169170
10434626733452066324
8510005531143046094
3689268048311671067
16413328188419080051
1232645614033193382
7353327773705449140
6762463043850456568
9634576362479611722
18143730036050216012
12025693498196326134
10638715810544159586
16643833670610510833
14986499109863827571
14420791153088456329
14647819295369862497
11111127807256398714
4972715844688263063
18296194995259231021
1429377797032433487
5942353044197288050
14225790954741495444
17080416784924980398
11365603110980514754
3915712541238640958
13468767075041788965
7824473387886686345
5553762073992934947
9457371985468784654
3240307765274489829
135579864425430735
13425245394711929036
10500388037893609996
5190899162087823686
12629737461128527917
14442132946707264699
7820140531726207893
16742444489895027196
5260054131399787931
2525769224165232078
12583918898418889610
11816369921973488352
14901837953869768857
153006844911712520
13168398542206542844
3419215501737620855
1947808824721774212
7398815265529413455
14820971610546152887
306614251418729012
6047443586269969264
17835807511247772257
12747538684248567306
5770116002551164567
12655654000284129771
7603594394277576427
5659486857971478166
12553115629979181598
1529439476084045565
15014838428332859768
15113563894215865374
5317856027017816717
17065238179759686130
15290996845037565256
1470544592713039352
13520259005333940875
14619318744895663848
15144441900510113399
12236586584489586047
5058726614722693535
13549017467371044496
12902358939072984800
1433555896797621862
130537802774988026
10312793788182842102
12075856622107984534
13847437101171538590
12951976557723975704
15201706047668065310
5168248692642241591
2333
17043070515592301461
17717932797744639717
5929454789513598990
12226416384039450176
13798469209870649712
1953915680241531335
9231471525710122783
2223583312512215194
11726715028889556307
18369128771171873239
2921961192019389698
5600208286238134297
12569143427047454476
10888146166925292032
11864606954693603185
360199957673777268
16161679215086868045
12816934474922759612
16333783945315008976
10286326644619425968
6320950053582267487
4443844949746452757
8698850009630981466
10128726622899215000
2754247367775069997
2309067076403042766
3260330516931214859
16841557696719905731
16475916871584008100
4159017732279886384
14610288776690846982
12468610979743842398
15842840046514634746
17309491807742037083
9885283117626855911
8359138213146044163
11572891315918522444
10982971392209791948
10700456432108520879
2108591722219115473
15806337253726758468
14054370780024192672
5083489423832558116
14452780433496581827
4278018294852530589
1846657915643984320
12020485683901674227
13333226171156492943
4538507986364539323
13604437980166355182
979419319747098831
12923973516788995214
12174896735424146660
1783682734567492140
3417148683559626066
8705135019315984079
5891958992960886134
5114166401301002168
8831420135808112940
15588522379369195594
7013059412013804844
16234002727978370276
11416728036019646261
13929818489254251928
14204921488399642710
16461010057077665179
3035768499453488476
12851988292004897794
9378720854236999745
6526891744974491362
9045912842263692650
14079271224807810054
3519846912482328121
7396676736338075511
14518753494047168217
10410392187682468075
13961839767423723086
5905078174625421288
4601061801254798033
17288618348594073315
11768585645331930100
1452089644920698925
1776841864457080701
4827413654318816362
5625431139487768926
18003376533264648935
16038639810416378121
4470465771007401938
7360666635878516501
7712274302085478204
16290975485700482249
27796911594722099
3805640607036297312
3695840813341599239
1743678586992620749
4617795220775007137
12344903849057291981
13024824526002209248
5370181864561679994
8894708456021165232
3821779076067909045
18039867566686825813
12186084347235204793
15038555648875347561
9440859897000709899
14864667122787186423
10949494655933287876
6786263329344556831
7834375956754678503
16605696978922117721
14003641951643412921
1472750477323212798
16552312947990029745
3968142100341971675
4560976566083583118
4636808783151893733
5658343067558734303
17040035679760219153
11805332609547395748
16823647205443504749
468821247521618922
12329456728028200879
16078844666417227781
13626074813379846698
2809271012959685632
12199915496901761844
5754336337885754124
6857441811892808895
8452952242469271225
13049220037090040609
5090416373042185167
18230076127273828782
15229787956470176875
2261647953739114677
11896214531780033507
14044323760747063902
17203014546736311117
6505600111776570889
1226607747125711267
13381507748566954962
7228346630748407709
17878227986297923136
1265800102462154729
2157636579774810195
441806033187595546
5760598882607034695
255035550024969384
8429569137225894832
5874142229300680313
15165796564854298304
5583272121535835904
18284346847221142545
4269101082471837083
4493090726808853991
14214629104908673726
799163091018217020
11926362887827604172
15953073514768280622
15952475436086052674
7991450690427832120
13713505750494727479
10770417458635721878
13939910128971833868
12610402927504410625
4711260168892156459
4974879599662709687
4153562614846846133
5032525652045169683
18309782690956923423
14848557650005432884
14552971278120741984
16586157224805117273
6902660289070618791
14918115945015757695
6840208142448794281
9775584273797124035
6795761237819944665
5305777871621510841
8756249262885631378
4983263302397377460
477387638055414003
10818066299523746693
1791510197059027340
14213489952323802096
17984946051141912367
9771523699689707742
6417050840258340526
16279819091521001151
16327143697300467853
1908735637116840919
6968217511867743183
177055129807208314
18239950811176995316
3828933968688247352
8948820038634009617
3410066180985680748
12156809884449944342
5097961325997314182
11984972152581022803
4464778894199769678
3321758740533500136
6684458364638069942
11718075941994294989
7217235304360277397
14009306986919080501
5990578275450416291
18230140860391349154
8801099319906120592
15505875686611247943
5464010248857521393
1199813012069547999
17684294881335983106
8171512849850363683
517468073790988158
14738064382004208591
12271339717638126131
6193990158219152057
3727102405203598556
17375296946760545916
12693294928291932209
14586053538452965674
10909752717735916537
1796964550020609341
10513358305790518949
8912924503191333997
552410993465459478
16807774138611956070
10849333760790095519
16936491275043483500
13402912725341418357
8331747677354043503
726115530585273662
1079454551392320456
10809111393204926602
17159037228481223467
9147546711887204428
9529981633026196263
18173426410410935843
3662632114365706524
17288582594339078977
9799589446694256814
16835493222541498224
14754755844769181991
8858169589311242488
11921511528398954853
333163739734486636
1299737363288749970
13084536607495235978
7372170594694727775
6734563928368172003
4589458488572525641
5368289447694799742
1179545476322343046
11595505063960024801
4417935443425739805
6938609371931364810
10920039973317184488
7865387273029994523
3405767575519901429
4380438316883374540
6189512020333238454
7469871062962819559
17933710946225011195
9964257811274762449
18430062544266105737
9366129072390572383
12012000284248184157
5577936104780930746
15261075512410287772
14895435532716413632
3708005478832117430
6728123328633416012
17667314774815335070
9577897638071358618
8641954301048741899
14125959302184181072
8112125246649240857
2201912606175290012
2320545359535164640
10238732278654529027
10239666478879434520
8345698955219937639
14648010303216058227
3909783795728655518
8769053967948939699
3203588540300209651
12024287010367780442
17765171416594765570
13230630231592460232
5994798330429701730
3482050385390533084
13924636955315974579
1398182648067092783
9345646034419650339
11139221461388518955
8577648029537271151
18300329797211823506
2726100724496780773
11843313342303505123
18365433945492793583
1690021489700222495
8168613019671024791
16886442149775346506
7274432360028507292
9931593256831127536
14973215605400481448
18250837767275085734
909803850931609034
1375489209059056619
7124497606995774118
14705385054565224248
18013486579744112841
17826772754489256039
18187789122499695389
9631055313475329761
11041982433772373316
14018637936748707739
6656712131406118881
14363459024167570567
2234962815040622099
3633193641936027574
602141456027418582
9367900141490783468
14252812730804859279
14924052026624373001
760566545257364561
81371694866126933
12088574768590742370
10062937330675364117
1871000120520142422
4465554385461930671
3099076889556522267
8309831342477843
12802041645654922944
11991710609678370204
2393360322562930743
13543492964863840109
16801599923778190283
2115821608553435477
2645562564615615615
17320987657172092345
3042190600709235413
4224519375885425124
10517995794997398774
8292051803661994376
18028553468212951912
18272182342560198101
13531638028550247509
6160964720004570965
10940552385413541864
6101430957105112838
6389204005652128447
15686861894821217272
9544235460126408820
4971425499273721309
3383702874973464995
5485009132913279568
8009757481475295287
4866051789124192054
9592801756493845603
7556792316049037621
14172067427807934682
